! Key Master Level 1
! 1 = Tile
! 8 = Ladder

                                     
 1111111111181111111111111111111   1111111811                                    
            8                             8
            8                             8
            8                             8
            8                             8
        1811111181                        8
         8      8                         8
         8      8                         8
         8      8                         8
   811111111111111111111111111111811      8            
   8                             8        8
   8                             8        8
   8                             8        8
11111                          11111181111111                                        
                                     8
                                     8
                                     8
                                     8
                                     8
111111111111111111111111111111111111111111111                                   
111111111111111111111111111111111111111111111    
---------------------------------------------